[{"id": 0, "img_name": "frame_00000.jpg", "width": 1920, "height": 3413, "position": [4.7056567724535245, -0.060405695033158256, -0.07872728773609915], "rotation": [[0.998453764042803, -0.008654048364352636, -0.054910732244853856], [0.00555013334081311, 0.9983911711284542, -0.056429295872382025], [0.05531073212910656, 0.05603728098026421, 0.9968954539226673]], "fy": 3268.8496354145855, "fx": 3268.8496354145855}, {"id": 1, "img_name": "frame_00001.jpg", "width": 1920, "height": 3413, "position": [4.668952293866492, -0.4858342307628898, -0.34335202055072983], "rotation": [[0.9984155183848616, -0.008050389898069098, -0.05569240406713578], [0.004914660602525899, 0.9984066502120442, -0.05621393887219394], [0.05605621071255204, 0.055851159655407726, 0.9968642581644183]], "fy": 3268.8496354145855, "fx": 3268.8496354145855}, {"id": 2, "img_name": "frame_00002.jpg", "width": 1920, "height": 3413, "position": [4.995045701856058, -0.21819617682018505, -0.2544474744693709], "rotation": [[0.9983860312925036, -0.008161005874271576, -0.056202584487941944], [0.0048776679004777284, 0.9982865519265249, -0.05831096465076272], [0.05658216040287608, 0.05794271503623173, 0.9967151553469894]], "fy": 3268.8496354145855, "fx": 3268.8496354145855}, {"id": 3, "img_name": "frame_00003.jpg", "width": 1920, "height": 3413, "position": [4.926114954999367, -0.37771737710141434, -0.2765987077834113], "rotation": [[0.9984255166739563, -0.006377337742981192, -0.05572985930051594], [0.0031668204403886555, 0.9983400182863608, -0.05750807887842242], [0.05600409719513111, 0.05724104690954269, 0.9967883444573667]], "fy": 3268.8496354145855, "fx": 3268.8496354145855}, {"id": 4, "img_name": "frame_00004.jpg", "width": 1920, "height": 3413, "position": [4.996897592469517, -0.37563728949787684, -0.3514981523527715], "rotation": [[0.9984213769268626, -0.004853793211022251, -0.055957079864236724], [0.0016183782072401371, 0.9983314698697611, -0.057720508657330076], [0.05614387720354075, 0.05753883001197731, 0.9967633360499405]], "fy": 3268.8496354145855, "fx": 3268.8496354145855}, {"id": 5, "img_name": "frame_00005.jpg", "width": 1920, "height": 3413, "position": [4.891083211318364, -0.5598309511311196, -0.34267082250768366], "rotation": [[0.9984477122563254, -0.0036957774066765404, -0.05557433867775579], [0.0005412067651927935, 0.9983927431083556, -0.0566713120000813], [0.055694460993414, 0.05655326460898211, 0.99684495046959]], "fy": 3268.8496354145855, "fx": 3268.8496354145855}, {"id": 6, "img_name": "frame_00006.jpg", "width": 1920, "height": 3413, "position": [4.890485540601453, -0.5600445156404716, -0.3404237767324914], "rotation": [[0.9984671047900097, -0.003343691755951495, -0.055247265793858774], [0.0002021004266150193, 0.9983871381941739, -0.056772189000118656], [0.05534798828931055, 0.056673997687553455, 0.9968573910938503]], "fy": 3268.8496354145855, "fx": 3268.8496354145855}, {"id": 7, "img_name": "frame_00007.jpg", "width": 1920, "height": 3413, "position": [4.668906786896047, -0.5148784264471767, -0.31178512119641405], "rotation": [[0.9986167863906577, -0.0004759310292630996, -0.052576491214714687], [-0.00243677290183753, 0.9984656273777978, -0.055321361903750185], [0.05252214843873445, 0.05537295761214328, 0.9970833763977129]], "fy": 3268.8496354145855, "fx": 3268.8496354145855}, {"id": 8, "img_name": "frame_00008.jpg", "width": 1920, "height": 3413, "position": [3.9819655817243294, -0.6616144502094552, -0.3663858636213711], "rotation": [[0.9990639959899423, 0.003697269846035649, -0.04309828433121749], [-0.005975259701252025, 0.9985847260212262, -0.0528473388981451], [0.04284189757832238, 0.053055397018572974, 0.9976721388608033]], "fy": 3268.8496354145855, "fx": 3268.8496354145855}, {"id": 9, "img_name": "frame_00009.jpg", "width": 1920, "height": 3413, "position": [4.0270603931723485, -0.28155253792400425, -0.364318287873074], "rotation": [[0.9999718325738662, 0.007284299207523684, -0.0018091555817232948], [-0.007370800269451682, 0.9985355803130156, -0.053594460089985634], [0.0014161081355114594, 0.05360628539643912, 0.9985611452503766]], "fy": 3268.8496354145855, "fx": 3268.8496354145855}, {"id": 10, "img_name": "frame_00010.jpg", "width": 1920, "height": 3413, "position": [3.3745562124848743, -0.48695648582571116, -0.4708485478016166], "rotation": [[0.9993345690874187, 0.01048049273320965, 0.03493677573749849], [-0.008637120342938537, 0.9985834323725915, -0.05250265462960463], [-0.035437539122302505, 0.05216596460378248, 0.9980094653648893]], "fy": 3268.8496354145855, "fx": 3268.8496354145855}, {"id": 11, "img_name": "frame_00011.jpg", "width": 1920, "height": 3413, "position": [2.916798836930118, -0.3365658666961351, -0.48927912588835354], "rotation": [[0.9977454484251875, 0.012461168982835023, 0.0659449726241711], [-0.008970389980263947, 0.998555891012316, -0.05296852488224854], [-0.06650979063584116, 0.05225755248938312, 0.9964163768010822]], "fy": 3268.8496354145855, "fx": 3268.8496354145855}, {"id": 12, "img_name": "frame_00012.jpg", "width": 1920, "height": 3413, "position": [2.3471604727914372, -0.30617078798875536, -0.43858851765312207], "rotation": [[0.9960338269085232, 0.013564459722950166, 0.08793532331427727], [-0.008864174861199307, 0.9985218857431373, -0.0536234099624305], [-0.08853271744384726, 0.05263125615443043, 0.9946818128515341]], "fy": 3268.8496354145855, "fx": 3268.8496354145855}, {"id": 13, "img_name": "frame_00013.jpg", "width": 1920, "height": 3413, "position": [2.0133179204155907, -0.45896529999050256, -0.3787972602971238], "rotation": [[0.9944186406138688, 0.013842324667479752, 0.10459425054688823], [-0.008390274681269766, 0.9985916086184995, -0.052387045034913884], [-0.10517209939160667, 0.05121707961722665, 0.9931342508770125]], "fy": 3268.8496354145855, "fx": 3268.8496354145855}, {"id": 14, "img_name": "frame_00014.jpg", "width": 1920, "height": 3413, "position": [1.7898100196019702, -0.43402157834954636, -0.4135887189979279], "rotation": [[0.9917742377781009, 0.015521892129104533, 0.1270548391223217], [-0.008916418467354682, 0.998586696937425, -0.052393760900687494], [-0.12768852243401374, 0.05082990816769036, 0.9905109598960945]], "fy": 3268.8496354145855, "fx": 3268.8496354145855}, {"id": 15, "img_name": "frame_00015.jpg", "width": 1920, "height": 3413, "position": [1.4034208515294286, -0.41936978870715996, -0.39313950211887216], "rotation": [[0.9884434558002567, 0.01570354610090954, 0.1507744452004479], [-0.00787610836645973, 0.9985965645500915, -0.05237239908343581], [-0.15138527538253527, 0.050579639269289906, 0.987179922044985]], "fy": 3268.8496354145855, "fx": 3268.8496354145855}, {"id": 16, "img_name": "frame_00016.jpg", "width": 1920, "height": 3413, "position": [0.7231119106255562, -0.4886843415662407, -0.3341541816667599], "rotation": [[0.984065335905007, 0.016595516027487673, 0.1770310806551976], [-0.007629875899058367, 0.9986589917551751, -0.051205499512275376], [-0.17764346220430025, 0.049038831902055595, 0.9828723179038827]], "fy": 3268.8496354145855, "fx": 3268.8496354145855}, {"id": 17, "img_name": "frame_00017.jpg", "width": 1920, "height": 3413, "position": [0.4472833445617002, -0.3850631799201075, -0.4024840530583891], "rotation": [[0.9796714042757176, 0.018005507497091972, 0.19979925261175369], [-0.007863750980755759, 0.9986452423687797, -0.05143774212301616], [-0.20045473570099523, 0.04882091348974753, 0.978485777791926]], "fy": 3268.8496354145855, "fx": 3268.8496354145855}, {"id": 18, "img_name": "frame_00018.jpg", "width": 1920, "height": 3413, "position": [-0.00032010861975174145, -0.17724181495397498, -0.4211267592146407], "rotation": [[0.9760336192549152, 0.020676476401302133, 0.21663530969760525], [-0.0095746610681179, 0.99859224203942, -0.052171448169615504], [-0.21740906133273655, 0.04884687771301872, 0.9748575704112412]], "fy": 3268.8496354145855, "fx": 3268.8496354145855}, {"id": 19, "img_name": "frame_00019.jpg", "width": 1920, "height": 3413, "position": [-0.31547164311267745, -0.009080938232158569, -0.47168054184053515], "rotation": [[0.9718709084722181, 0.02293293129180098, 0.23439500405885552], [-0.010589073298834304, 0.9984963232899561, -0.053786279877969766], [-0.23527602681118465, 0.04979129480948367, 0.9706523673123852]], "fy": 3268.8496354145855, "fx": 3268.8496354145855}, {"id": 20, "img_name": "frame_00020.jpg", "width": 1920, "height": 3413, "position": [-0.6346920528480011, 0.03335283214224802, -0.4602289925437256], "rotation": [[0.9656403410935511, 0.026901452580501722, 0.2584860605560556], [-0.012851803386024034, 0.9983541780024934, -0.05589066482600271], [-0.25956417858105313, 0.050648268618232274, 0.9643968011578629]], "fy": 3268.8496354145855, "fx": 3268.8496354145855}, {"id": 21, "img_name": "frame_00021.jpg", "width": 1920, "height": 3413, "position": [-0.8587200199794206, 0.1982079578737173, -0.43071950554259214], "rotation": [[0.9591337231281527, 0.0318396509827235, 0.2811560737092943], [-0.015797893501716922, 0.9981246685400098, -0.059140279106575856], [-0.28251181872487424, 0.0522817623765079, 0.9578380288981903]], "fy": 3268.8496354145855, "fx": 3268.8496354145855}, {"id": 22, "img_name": "frame_00022.jpg", "width": 1920, "height": 3413, "position": [-1.248066391337583, 0.1264521594285063, -0.375743544722757], "rotation": [[0.951409906660569, 0.037242784150028733, 0.3056667540588639], [-0.019183079391311326, 0.9978994493436849, -0.061876477474378196], [-0.3073291378525542, 0.05300626404798732, 0.9501258532418118]], "fy": 3268.8496354145855, "fx": 3268.8496354145855}, {"id": 23, "img_name": "frame_00023.jpg", "width": 1920, "height": 3413, "position": [-1.3362697049767407, 0.1637885263167255, -0.2957088984929424], "rotation": [[0.9439749023429356, 0.04200532159350286, 0.3273330669279708], [-0.021789985569016644, 0.9976353424091425, -0.0651837411099962], [-0.32929710031451404, 0.05439923284403342, 0.9426580202758759]], "fy": 3268.8496354145855, "fx": 3268.8496354145855}, {"id": 24, "img_name": "frame_00024.jpg", "width": 1920, "height": 3413, "position": [-1.765959025490838, 0.10248172850852197, -0.18762675607550033], "rotation": [[0.9361914815925696, 0.04684201324444828, 0.34835518596500886], [-0.024739530243342047, 0.9974036606786792, -0.0676305648956803], [-0.35061868951447495, 0.054697015092022995, 0.9349196602399454]], "fy": 3268.8496354145855, "fx": 3268.8496354145855}, {"id": 25, "img_name": "frame_00025.jpg", "width": 1920, "height": 3413, "position": [-1.9246623482072232, 0.080481160213478, -0.14263568860593975], "rotation": [[0.927854919944303, 0.05193981890615027, 0.36930678676020473], [-0.028221313622291386, 0.9971936279521255, -0.06934281382457838], [-0.371872027709242, 0.053917748317916465, 0.9267168237513241]], "fy": 3268.8496354145855, "fx": 3268.8496354145855}, {"id": 26, "img_name": "frame_00026.jpg", "width": 1920, "height": 3413, "position": [-2.2912840908478453, 0.021906203201910994, -0.06466891593331864], "rotation": [[0.9186467368569274, 0.055621708821743, 0.391144983822966], [-0.03053439311144276, 0.9970744402651068, -0.07007290066309506], [-0.3938982402847656, 0.05242886683663254, 0.9176575560756811]], "fy": 3268.8496354145855, "fx": 3268.8496354145855}, {"id": 27, "img_name": "frame_00027.jpg", "width": 1920, "height": 3413, "position": [-2.739685998957931, -0.17161246426468046, 0.04157759309175511], "rotation": [[0.9101817223639721, 0.058180278751031655, 0.4101027766779997], [-0.03237432090719062, 0.9970496958863149, -0.06959746603724372], [-0.41294204874334517, 0.050069542612843035, 0.9093799564990365]], "fy": 3268.8496354145855, "fx": 3268.8496354145855}, {"id": 28, "img_name": "frame_00028.jpg", "width": 1920, "height": 3413, "position": [-2.9817907662284404, -0.05579052616391079, 0.18521440697410693], "rotation": [[0.902446376872862, 0.06059485037787736, 0.42651940281390116], [-0.03404333788359233, 0.9969931719711916, -0.06961081947919653], [-0.42945498950971306, 0.0482998876862501, 0.9017957267778041]], "fy": 3268.8496354145855, "fx": 3268.8496354145855}, {"id": 29, "img_name": "frame_00029.jpg", "width": 1920, "height": 3413, "position": [-3.440652930139909, -0.1255130697131126, 0.24117394453237345], "rotation": [[0.8927262016733813, 0.06294081592825287, 0.446182006064905], [-0.0359035562019383, 0.9969839498730271, -0.06880362161712059], [-0.44916685485226027, 0.04540327505657971, 0.8922934938215481]], "fy": 3268.8496354145855, "fx": 3268.8496354145855}, {"id": 30, "img_name": "frame_00030.jpg", "width": 1920, "height": 3413, "position": [-3.9582130921605803, -0.056735359563800464, 0.43791261653221586], "rotation": [[0.8827122194930713, 0.06371393257683601, 0.46557456154005045], [-0.03588061377561732, 0.9970116673813458, -0.0684128398807827], [-0.4685421209589389, 0.043683748706618876, 0.8823604767815908]], "fy": 3268.8496354145855, "fx": 3268.8496354145855}, {"id": 31, "img_name": "frame_00031.jpg", "width": 1920, "height": 3413, "position": [-4.446303579684204, -0.0018741861308895177, 0.6389296589627866], "rotation": [[0.8729894168669063, 0.06363061761085992, 0.4835707006641734], [-0.03561384369728915, 0.9971230305047484, -0.06691275046007168], [-0.4864371821473807, 0.04119231165505632, 0.8727439838148576]], "fy": 3268.8496354145855, "fx": 3268.8496354145855}, {"id": 32, "img_name": "frame_00032.jpg", "width": 1920, "height": 3413, "position": [-5.495205508050523, -0.0590567907239949, 0.8666049877747043], "rotation": [[0.8619604834103644, 0.0642187071083755, 0.5028917206479935], [-0.0360098696974633, 0.9971947544767554, -0.06561944017145581], [-0.5056949815089551, 0.03845229903883817, 0.861854979898176]], "fy": 3268.8496354145855, "fx": 3268.8496354145855}, {"id": 33, "img_name": "frame_00033.jpg", "width": 1920, "height": 3413, "position": [-7.342078333355449, 5.993845517108808, 6.550976064083839], "rotation": [[0.8450094356512102, 0.0718215846153186, 0.5299063253479503], [-0.030165906461805624, 0.9957638382109172, -0.08685848604943484], [-0.5338998705260761, 0.05741113563418604, 0.8435964021719345]], "fy": 3268.8496354145855, "fx": 3268.8496354145855}, {"id": 34, "img_name": "frame_00034.jpg", "width": 1920, "height": 3413, "position": [-3.388501874843055, 1.509326555454001, 1.1887820491881718], "rotation": [[0.864181555642401, 0.06450370459854766, 0.49902856729905054], [-0.030365816435587015, 0.9966272111273378, -0.07623725619895472], [-0.502263034753385, 0.050729420789204, 0.8632255613608252]], "fy": 3268.8496354145855, "fx": 3268.8496354145855}, {"id": 35, "img_name": "frame_00035.jpg", "width": 1920, "height": 3413, "position": [-3.407712768432945, 1.5237236800092735, 1.30579874627993], "rotation": [[0.8573000729128631, 0.06379192972897749, 0.510849463819874], [-0.03135753034130431, 0.9969212509450299, -0.07186601912650167], [-0.5138611585579257, 0.04559176587553635, 0.8566610184955636]], "fy": 3268.8496354145855, "fx": 3268.8496354145855}, {"id": 36, "img_name": "frame_00036.jpg", "width": 1920, "height": 3413, "position": [-3.6282222589358137, 1.537277574778381, 1.3215716701870424], "rotation": [[0.8455033199697567, 0.06527823030538785, 0.5299649880589434], [-0.02972498332259769, 0.9967142438950507, -0.07534680738550682], [-0.5331421586093062, 0.04795277536195501, 0.8446655965815674]], "fy": 3268.8496354145855, "fx": 3268.8496354145855}, {"id": 37, "img_name": "frame_00037.jpg", "width": 1920, "height": 3413, "position": [-3.7879752521932337, 1.495993073655688, 1.5418531362239394], "rotation": [[0.8373237139962186, 0.06271629068792071, 0.5430982092236419], [-0.029556015145976017, 0.9971384259760465, -0.06958017972600472], [-0.5459079042734858, 0.04220931561113626, 0.8367812938440785]], "fy": 3268.8496354145855, "fx": 3268.8496354145855}]